0 7035 6319
100 3512 3510
200 2824 2820
300 2353 2349
400 2070 2070
500 1739 1739
600 1506 1506
700 1327 1326
800 1273 1273
900 1205 1202
1000 1140 1140
1100 1114 1114
1200 1089 1089
1300 1063 1063
1400 1013 1013
1500 992 990
1600 977 977
1700 911 910
1800 889 889
1900 866 866
2000 838 838
2100 814 814
2200 797 797
2300 788 787
2400 766 766
2500 766 766
2600 761 761
2700 761 761
2800 759 759
2900 755 755
3000 743 743
3100 733 733
3200 735 735
3300 725 725
3400 719 719
3500 719 719
3600 694 694
3700 685 684
3800 682 682
3900 679 679
4000 668 668
4100 668 668
4200 665 665
4300 665 665
4400 665 665
4500 664 664
4600 652 652
4700 652 652
4800 646 646
4900 638 638
5000 638 638
5100 638 638
5200 638 638
5300 628 628
5400 623 623
5500 623 623
5600 622 622
5700 621 621
5800 621 621
5900 621 621
6000 621 621
6100 621 621
6200 621 621
6300 621 621
6400 611 611
6500 609 609
6600 609 609
6700 609 609
6800 609 609
6900 609 609
7000 608 608
7100 608 608
7200 608 608
7300 607 607
7400 607 607
7500 606 606
7600 603 603
7700 603 603
7800 601 601
7900 597 597
8000 615 615
8100 613 613
8200 609 609
8300 589 589
8400 589 589
8500 589 589
8600 588 588
8700 588 588
8800 586 586
8900 584 584
9000 584 584
9100 584 584
9200 579 579
9300 579 579
9400 573 573
9500 568 568
9600 568 568
9700 568 568
9800 568 568
9900 564 564
10000 564 564
10100 563 563
10200 563 563
10300 560 560
10400 560 560
10500 556 556
10600 556 556
10700 554 554
10800 554 554
10900 554 554
11000 554 554
11100 554 554
11200 554 554
11300 554 554
11400 554 554
11500 554 554
11600 554 554
11700 554 554
11800 554 554
11900 554 554
12000 554 554
12100 554 554
12200 554 554
12300 552 552
12400 552 552
12500 552 552
12600 552 552
12700 552 552
12800 551 551
12900 551 551
13000 551 551
13100 551 551
13200 551 551
13300 549 549
13400 549 549
13500 549 549
13600 548 548
13700 548 548
13800 548 548
13900 547 547
14000 547 547
14100 547 547
14200 547 547
14300 547 547
14400 547 547
14500 547 547
14600 547 547
14700 547 547
14800 547 547
14900 547 547
15000 547 547
15100 547 547
15200 547 547
15300 547 547
15400 547 547
15500 547 547
15600 547 547
15700 547 547
15800 547 547
15900 547 547
16000 547 547
16100 547 547
16200 547 547
16300 547 547
16400 543 543
16500 543 543
16600 543 543
16700 543 543
16800 543 543
16900 543 543
17000 543 543
17100 543 543
17200 543 543
17300 543 543
17400 542 542
17500 542 542
17600 542 542
17700 541 541
17800 541 541
17900 541 541
18000 541 541
18100 541 541
18200 541 541
18300 541 541
18400 541 541
18500 541 541
18600 541 541
18700 541 541
18800 541 541
18900 541 541
19000 541 541
19100 540 540
19200 540 540
19300 540 540
19400 540 540
19500 540 540
19600 540 540
19700 540 540
19800 539 539
19900 539 539
20000 539 539
20100 539 539
20200 538 538
20300 538 538
20400 538 538
20500 538 538
20600 538 538
20700 538 538
20800 537 537
20900 537 537
21000 537 537
21100 537 537
21200 537 537
21300 537 537
21400 537 537
21500 537 537
21600 537 537
21700 537 537
21800 537 537
21900 537 537
22000 537 537
22100 537 537
22200 537 537
22300 537 537
22400 537 537
22500 537 537
22600 537 537
22700 537 537
22800 537 537
22900 537 537
23000 537 537
23100 537 537
23200 537 537
23300 537 537
23400 537 537
23500 537 537
23600 537 537
23700 537 537
23800 537 537
23900 537 537
24000 537 537
24100 537 537
24200 537 537
24300 537 537
24400 537 537
24500 537 537
24600 537 537
24700 537 537
24800 537 537
24900 537 537
25000 537 537
25100 537 537
25200 537 537
25300 537 537
25400 537 537
25500 537 537
25600 537 537
25700 537 537
25800 537 537
25900 537 537
26000 537 537
26100 537 537
26200 537 537
26300 537 537
26400 537 537
26500 537 537
26600 537 537
26700 537 537
26800 537 537
26900 537 537
27000 537 537
27100 537 537
27200 537 537
27300 537 537
27400 537 537
27500 537 537
27600 537 537
27700 537 537
27800 537 537
27900 537 537
28000 537 537
28100 537 537
28200 537 537
28300 537 537
28400 537 537
28500 537 537
28600 537 537
28700 537 537
28800 537 537
28900 537 537
29000 537 537
29100 537 537
29200 537 537
29300 537 537
29400 537 537
29500 537 537
29600 537 537
29700 537 537
29800 537 537
29900 537 537
30000 537 537
30100 537 537
30200 537 537
30300 537 537
30400 537 537
30500 537 537
30600 537 537
30700 537 537
30800 537 537
30900 537 537
31000 537 537
31100 537 537
31200 537 537
31300 537 537
31400 537 537
31500 537 537
31600 537 537
31700 537 537
31800 537 537
31900 537 537
32000 537 537
32100 537 537
32200 537 537
32300 537 537
32400 537 537
32500 537 537
32600 537 537
32700 537 537
32800 537 537
32900 537 537
33000 537 537
33100 537 537
33200 537 537
33300 537 537
33400 537 537
33500 537 537
33600 537 537
33700 537 537
33800 537 537
33900 537 537
34000 537 537
34100 537 537
34200 537 537
34300 537 537
34400 537 537
34500 537 537
34600 537 537
34700 537 537
34800 537 537
34900 537 537
35000 537 537
35100 537 537
35200 537 537
35300 537 537
35400 537 537
35500 537 537
35600 537 537
35700 537 537
35800 537 537
35900 537 537
36000 537 537
36100 537 537
36200 537 537
36300 537 537
36400 537 537
36500 537 537
36600 537 537
36700 537 537
36800 537 537
36900 537 537
37000 537 537
37100 537 537
37200 537 537
37300 537 537
37400 537 537
37500 537 537
37600 537 537
37700 537 537
37800 537 537
37900 537 537
38000 537 537
38100 537 537
38200 537 537
38300 537 537
38400 537 537
38500 537 537
38600 537 537
38700 537 537
38800 537 537
38900 537 537
39000 537 537
39100 537 537
39200 537 537
39300 537 537
39400 537 537
39500 537 537
39600 537 537
39700 537 537
39800 537 537
39900 537 537
40000 537 537
40100 537 537
40200 537 537
40300 537 537
40400 537 537
40500 537 537
40600 537 537
40700 537 537
40800 537 537
40900 537 537
41000 537 537
41100 537 537
41200 537 537
41300 537 537
41400 537 537
41500 537 537
41600 537 537
41700 537 537
41800 537 537
41900 537 537
42000 537 537
42100 537 537
42200 537 537
42300 537 537
42400 537 537
42500 537 537
42600 537 537
42700 537 537
42800 537 537
42900 537 537
43000 537 537
43100 537 537
43200 537 537
43300 537 537
43400 537 537
43500 537 537
43600 537 537
43700 533 533
43800 533 533
43900 533 533
44000 533 533
44100 533 533
44200 533 533
44300 533 533
44400 533 533
44500 533 533
44600 533 533
44700 533 533
44800 533 533
44900 533 533
45000 533 533
45100 533 533
45200 533 533
45300 533 533
45400 533 533
45500 533 533
45600 533 533
45700 533 533
45800 533 533
45900 533 533
46000 533 533
46100 533 533
46200 533 533
46300 533 533
46400 533 533
46500 533 533
46600 533 533
46700 533 533
46800 533 533
46900 533 533
47000 533 533
47100 533 533
47200 533 533
47300 533 533
47400 533 533
47500 533 533
47600 533 533
47700 533 533
47800 533 533
47900 533 533
48000 533 533
48100 533 533
48200 533 533
48300 533 533
48400 533 533
48500 533 533
48600 533 533
48700 533 533
48800 533 533
48900 533 533
49000 533 533
49100 533 533
49200 533 533
49300 533 533
49400 533 533
49500 533 533
49600 533 533
49700 533 533
49800 533 533
49900 533 533
50000 533 533
50100 533 533
50200 533 533
50300 533 533
50400 533 533
50500 533 533
50600 533 533
50700 533 533
50800 533 533
50900 533 533
51000 533 533
51100 533 533
51200 533 533
51300 533 533
51400 533 533
51500 533 533
51600 533 533
51700 533 533
51800 533 533
51900 533 533
52000 533 533
52100 533 533
52200 533 533
52300 533 533
52400 533 533
52500 533 533
52600 533 533
52700 533 533
52800 533 533
52900 533 533
53000 533 533
53100 533 533
53200 533 533
53300 533 533
53400 533 533
53500 533 533
53600 533 533
53700 533 533
53800 533 533
53900 533 533
54000 533 533
54100 533 533
54200 533 533
54300 531 531
54400 531 531
54500 531 531
54600 531 531
54700 531 531
54800 531 531
54900 531 531
55000 531 531
55100 531 531
55200 531 531
55300 530 530
55400 530 530
55500 530 530
55600 530 530
55700 528 528
55800 528 528
55900 528 528
56000 528 528
56100 528 528
56200 528 528
56300 528 528
56400 528 528
56500 528 528
56600 528 528
56700 528 528
56800 528 528
56900 528 528
57000 528 528
57100 528 528
57200 528 528
57300 528 528
57400 528 528
57500 528 528
57600 528 528
57700 528 528
57800 528 528
57900 528 528
58000 528 528
58100 528 528
58200 528 528
58300 528 528
58400 528 528
58500 528 528
58600 528 528
58700 528 528
58800 528 528
58900 528 528
59000 528 528
59100 528 528
59200 528 528
59300 528 528
59400 528 528
59500 528 528
59600 528 528
59700 528 528
59800 528 528
59900 528 528
60000 528 528
60100 528 528
60200 528 528
60300 528 528
60400 528 528
60500 528 528
60600 528 528
60700 528 528
60800 528 528
60900 527 527
61000 527 527
61100 527 527
61200 527 527
61300 527 527
61400 527 527
61500 527 527
61600 527 527
61700 527 527
61800 527 527
61900 527 527
62000 527 527
62100 527 527
62200 527 527
62300 527 527
62400 527 527
62500 527 527
62600 527 527
62700 527 527
62800 527 527
62900 527 527
63000 527 527
63100 527 527
63200 527 527
63300 527 527
63400 527 527
63500 527 527
63600 527 527
63700 527 527
63800 527 527
63900 527 527
64000 527 527
64100 527 527
64200 527 527
64300 527 527
64400 527 527
64500 527 527
64600 527 527
64700 527 527
64800 527 527
64900 527 527
65000 526 526
65100 526 526
65200 526 526
65300 526 526
65400 526 526
65500 526 526
65600 526 526
65700 526 526
65800 526 526
65900 526 526
66000 526 526
66100 526 526
66200 526 526
66300 526 526
66400 526 526
66500 525 525
66600 525 525
66700 525 525
66800 525 525
66900 525 525
67000 524 524
67100 524 524
67200 524 524
67300 522 522
67400 522 522
67500 520 520
67600 520 520
67700 520 520
67800 520 520
67900 519 519
68000 519 519
68100 519 519
68200 519 519
68300 519 519
68400 519 519
68500 519 519
68600 519 519
68700 519 519
68800 519 519
68900 519 519
69000 519 519
69100 519 519
69200 519 519
69300 519 519
69400 519 519
69500 519 519
69600 519 519
69700 519 519
69800 519 519
69900 519 519
70000 519 519
70100 519 519
70200 519 519
70300 519 519
70400 519 519
70500 519 519
70600 519 519
70700 519 519
70800 519 519
70900 519 519
71000 519 519
71100 519 519
71200 519 519
71300 519 519
71400 519 519
71500 519 519
71600 519 519
71700 519 519
71800 519 519
71900 519 519
72000 519 519
72100 519 519
72200 519 519
72300 519 519
72400 519 519
72500 519 519
72600 519 519
72700 519 519
72800 518 518
72900 518 518
73000 518 518
73100 518 518
73200 518 518
73300 518 518
73400 518 518
73500 517 517
73600 517 517
73700 517 517
73800 517 517
73900 517 517
74000 517 517
74100 517 517
74200 517 517
74300 517 517
74400 517 517
74500 517 517
74600 517 517
74700 517 517
74800 517 517
74900 517 517
75000 517 517
75100 517 517
75200 517 517
75300 523 523
75400 523 523
75500 522 522
75600 521 521
75700 520 520
75800 520 520
75900 518 518
76000 518 518
76100 518 518
76200 516 516
76300 516 516
76400 515 515
76500 514 514
76600 514 514
76700 514 514
76800 513 513
76900 513 513
77000 513 513
77100 507 507
77200 507 507
77300 507 507
77400 507 507
77500 507 507
77600 507 507
77700 507 507
77800 507 507
77900 507 507
78000 507 507
78100 506 504
78200 504 504
78300 504 504
78400 504 504
78500 504 504
78600 504 504
78700 504 504
78800 504 504
78900 502 502
79000 502 502
79100 502 502
79200 502 502
79300 502 502
79400 502 502
79500 502 502
79600 502 502
79700 502 502
79800 502 502
79900 502 502
80000 500 500
80100 500 500
80200 500 500
80300 500 500
80400 500 500
80500 500 500
80600 500 500
80700 500 500
80800 500 500
80900 500 500
81000 500 500
81100 500 500
81200 500 500
81300 500 500
81400 500 500
81500 500 500
81600 500 500
81700 500 500
81800 500 500
81900 500 500
82000 500 500
82100 500 500
82200 500 500
82300 500 500
82400 500 500
82500 500 500
82600 500 500
82700 500 500
82800 500 500
82900 500 500
83000 500 500
83100 500 500
83200 500 500
83300 500 500
83400 500 500
83500 499 499
83600 499 499
83700 499 499
83800 499 499
83900 499 499
84000 499 499
84100 499 499
84200 499 499
84300 499 499
84400 499 499
84500 499 499
84600 499 499
84700 499 499
84800 499 499
84900 499 499
85000 499 499
85100 499 499
85200 499 499
85300 499 499
85400 499 499
85500 499 499
85600 499 499
85700 499 499
85800 499 499
85900 499 499
86000 499 499
86100 499 499
86200 498 498
86300 498 498
86400 498 498
86500 498 498
86600 498 498
86700 496 496
86800 496 496
86900 496 496
87000 496 496
87100 496 496
87200 496 496
87300 496 496
87400 496 496
87500 496 496
87600 496 496
87700 496 496
87800 496 496
87900 496 496
88000 496 496
88100 495 494
88200 494 494
88300 494 494
88400 493 493
88500 493 493
88600 493 493
88700 493 493
88800 493 493
88900 493 493
89000 493 493
89100 493 493
89200 493 493
89300 493 493
89400 493 493
89500 493 493
89600 493 493
89700 493 493
89800 493 493
89900 493 493
90000 493 493
90100 493 493
90200 493 493
90300 493 493
90400 493 493
90500 493 493
90600 493 493
90700 492 492
90800 492 492
90900 492 492
91000 492 492
91100 492 492
91200 492 492
91300 492 492
91400 492 492
91500 492 492
91600 492 492
91700 492 492
91800 492 492
91900 492 492
92000 492 492
92100 492 492
92200 492 492
92300 492 492
92400 492 492
92500 492 492
92600 492 492
92700 492 492
92800 492 492
92900 492 492
93000 492 492
93100 492 492
93200 492 492
93300 491 491
93400 491 491
93500 491 491
93600 491 491
93700 491 491
93800 490 490
93900 490 490
94000 490 490
94100 490 490
94200 490 490
94300 490 490
94400 490 490
94500 490 490
94600 490 490
94700 490 490
94800 490 490
94900 490 490
95000 490 490
95100 490 490
95200 490 490
95300 490 490
95400 490 490
95500 490 490
95600 490 490
95700 490 490
95800 490 490
95900 490 490
96000 490 490
96100 490 490
96200 490 490
96300 490 490
96400 490 490
96500 489 489
96600 489 489
96700 489 489
96800 489 489
96900 489 489
97000 489 489
97100 489 489
97200 489 489
97300 489 489
97400 489 489
97500 489 489
97600 489 489
97700 489 489
97800 489 489
97900 489 489
98000 489 489
98100 489 489
98200 489 489
98300 489 489
98400 489 489
98500 489 489
98600 488 488
98700 488 488
98800 488 488
98900 488 488
99000 488 488
99100 488 488
99200 488 488
99300 488 488
99400 488 488
99500 488 488
99600 488 488
99700 488 488
99800 488 488
99900 488 488
100000 488 488
